v <- c(1,1,1,1,2,2,2,3,4,5,1,1,6,5,5)
v2 <- c(1,1,1,1,1,1,2,2,2,3,4,5,5,5,6)
